14.7287 3.2666 11.9077 6.5776 6.3103 8.1068 6.6369 7.1863 0.0596
0.0446 0.2971 0.8612 0.1486 0.2080 0.6088 0.3119 0.2228 0.0150
0.1338 0.2229 4.1129 7.3644 2.0194 0.5940 0.4753 0.9801 0.0150
0.3713 0.5198 1.6779 10.1409 4.0535 1.3364 1.4107 7.1269 0.0150
0.4604 0.3565 8.1810 2.0639 2.9251 6.1172 4.1574 3.1032 0.0595
6.5033 0.7871 4.7810 7.7059 6.0430 6.3697 3.1330 5.6719 0.0744
2.7469 0.1783 3.1774 2.4499 5.1224 2.1530 1.5294 2.5241 6.3696
4.4544 12.4719 2.3015 2.3757 3.8308 8.4334 10.2448 1.6779 0.1338
21.7663 0.6238 6.1766 9.3837 10.3042 3.4447 5.7758 8.7155 75.4690
2.6134 30.6599 8.4484 4.1278 4.2020 13.0213 22.4048 11.1506 0.4160
0.5346 3.5783 2.1826 0.7870 0.6979 2.4053 2.3756 1.6927 0.0298
0.4159 0.1338 7.2308 4.5434 3.8159 2.6578 2.5390 5.8945 0.0595
0.2080 0.0892 2.1233 10.0814 14.8623 7.6316 3.3408 5.0482 0.0595
2.9250 3.8307 1.5591 5.6718 3.9050 5.0333 2.7914 9.1460 0.0447
21.8999 0.2377 4.6028 4.0386 6.1321 2.6281 7.7356 5.3303 10.8090
9.9033 6.2063 9.7994 10.4675 8.3592 8.0919 7.8544 9.2352 0.0892
3.2369 15.5898 2.9251 5.7015 6.4884 7.6465 7.5426 6.7854 0.1041
6.3845 20.6825 1.7373 3.8308 6.8745 11.1802 8.3741 4.8107 0.3862
0.0298 0.0446 1.6927 0.3713 1.2324 0.4901 0.2376 0.2525 0.0298
0.5792 0.1486 14.3575 1.4106 2.3905 1.9748 1.0543 3.4002 5.7163
0.0150 0.0447 0.0595 0.6089 0.1189 0.0447 0.0150 0.0150 0.0150
0.0298 0.0150 0.0744 0.1189 0.0595 0.0150 0.0447 0.0150 0.0150
0.0150 0.0150 0.0298 0.0298 0.0447 0.0150 0.0150 0.0150 0.0150
