4.1872 16.5603 18.4188 8.1758 7.1421 9.5958 10.1074 7.3718 0.1463
0.0314 0.6788 0.7101 0.1567 0.3968 0.4177 0.4908 0.5221 0.0105
15.0253 0.8667 0.9816 8.3010 2.6522 1.8691 1.2531 1.1069 0.0836
30.0714 0.2403 2.6000 9.2617 4.7927 4.0827 3.6546 7.6119 0.0941
2.8506 2.0362 7.1212 2.3808 3.6024 5.8160 3.9156 2.4434 0.3447
2.0571 1.7438 4.3960 9.5436 6.6931 6.2754 2.5374 6.2963 0.0628
4.6361 0.0523 2.1719 2.2345 2.0884 2.5165 4.2602 2.9028 0.4491
1.7752 6.1606 8.4368 2.3390 10.1283 9.6167 9.1155 1.6603 0.2820
0.6266 0.0628 3.9992 6.4112 5.6698 3.8008 5.6176 9.4183 17.9489
2.1929 5.3566 3.7486 4.8972 8.5204 7.7999 6.5678 8.8441 0.5745
1.2530 0.4490 1.6394 0.5221 0.9398 1.3574 1.4410 1.3783 0.2089
5.6071 2.0153 4.3124 4.3124 3.7277 2.9863 3.7590 5.2313 0.0419
0.3133 2.9863 2.7253 10.2327 8.9275 5.9099 2.9655 5.3983 0.2507
2.8297 0.6788 3.3100 5.0433 3.9887 5.4087 5.0851 8.8962 0.1880
1.2322 0.6370 1.6290 4.5839 3.5711 2.3912 6.5260 7.3718 76.9848
11.2142 12.5298 14.1169 10.4729 7.0690 7.4031 7.8207 8.5934 0.2089
9.7211 20.3818 5.8682 4.8971 5.0120 7.9669 7.8729 7.3509 0.1045
2.0467 22.9295 9.5958 3.5085 12.6656 11.9242 13.7619 5.1373 0.2612
0.2298 0.0732 0.5952 0.4177 0.4282 0.5221 0.6370 0.1671 0.0523
2.0675 3.5293 3.5293 1.8482 1.8900 2.3076 2.5791 2.2241 1.6498
0.0105 0.0105 0.0628 0.3760 0.0523 0.0105 0.0105 0.0210 0.0105
0.0105 0.0105 0.0210 0.0732 0.0314 0.0105 0.0105 0.0314 0.0314
0.0105 0.0105 0.0105 0.0105 0.0105 0.0105 0.0105 0.0210 0.0105
