13.5242 6.3574 13.8334 8.8494 8.5948 7.5943 9.6952 16.6983 9.5224
0.0364 0.2274 0.6731 0.1638 0.2820 0.3457 0.3366 0.7277 1.0005
0.0638 0.1638 2.7831 4.1019 2.3193 1.5189 1.7918 1.7190 0.0365
0.7459 0.3548 2.7013 7.1941 3.1833 2.0464 3.8381 7.3669 0.0910
1.8827 0.0365 2.1192 2.1101 2.0555 3.0742 0.9096 1.1915 6.6757
4.9477 0.4367 4.2565 7.7944 7.7216 11.2232 4.3656 4.6476 0.3002
2.6830 0.0546 4.1473 2.7467 3.5743 2.8104 2.7649 1.8463 0.4457
4.5384 2.0828 3.4198 2.5194 2.8923 4.7658 4.7658 2.5285 5.2024
8.4583 0.0365 8.1400 7.2487 7.6853 5.5752 5.3843 3.9836 0.4639
8.5675 2.2193 4.7204 7.5307 5.3025 7.2306 11.6507 5.7390 58.2800
1.6917 0.0546 2.3192 1.1005 0.6367 1.5826 1.5098 0.9914 3.9745
2.2465 0.3730 3.5289 3.4652 3.2379 2.6922 3.7381 1.8100 0.1183
0.8550 78.3250 1.6826 13.8243 15.8888 7.7489 9.5770 3.3925 1.8736
3.8381 0.3093 4.9022 4.5839 4.0473 3.9745 5.2296 5.6844 0.2365
16.1980 0.3275 21.3639 5.2569 9.8134 13.4241 7.5852 4.3111 0.9187
16.4527 0.9914 8.8221 10.3228 8.2037 9.3951 10.9594 17.2985 0.4094
5.1478 0.9005 3.2197 4.4657 5.0023 7.4215 7.3578 9.1404 0.9823
5.8845 6.6121 3.7381 3.8290 7.6125 5.7481 7.4579 9.5679 9.1313
0.3275 0.0182 0.7822 0.5730 0.5185 0.5276 0.2638 0.1274 0.1365
1.8827 0.0637 2.7467 1.5644 1.3006 1.1187 0.7549 1.0915 0.1638
0.0092 0.0274 0.0547 0.6367 0.0910 0.1547 0.0365 0.1092 0.0183
0.0092 0.0183 0.0365 0.1001 0.0274 0.0183 0.0183 0.0183 0.0092
0.0092 0.0092 0.0092 0.0183 0.0092 0.0092 0.0092 0.0092 0.0092
