11.5734 53.3396 14.0962 7.1685 8.7302 9.0906 8.6501 19.5021 2.1629
0.1605 0.9613 1.6021 0.1605 0.3607 0.6810 0.3607 0.5209 0.1204
0.1206 0.2006 4.7257 10.1316 2.0427 0.5210 0.7613 1.8024 0.0405
0.2007 0.4409 1.7223 9.1305 2.6834 1.7624 2.5232 12.9348 0.1606
22.4653 0.1606 3.5644 1.5221 2.5632 6.1272 1.7223 1.4820 5.1261
2.6034 4.5255 1.9627 11.7335 7.0083 16.0583 2.2830 1.6023 0.3209
2.9235 0.1204 4.2850 3.1638 8.0092 4.8056 6.6877 1.9625 0.2806
6.4076 6.0872 15.0171 1.6823 3.4443 5.4865 4.8859 2.2029 2.4832
3.4042 0.0805 1.6423 3.5244 4.7257 2.0828 6.7680 1.2819 0.0805
9.1708 3.3644 4.8861 3.4845 2.4834 4.6458 11.3332 1.4022 73.8825
1.1615 0.2805 3.5642 0.7611 0.5208 1.4418 2.0425 0.6009 5.1259
1.8825 0.5209 5.5665 3.6845 4.0048 3.8446 3.6845 2.4030 0.1205
0.1605 0.2006 0.3607 21.7044 16.5787 5.4464 6.3674 3.2840 0.1605
1.2016 2.3229 4.1249 2.8034 3.3240 2.7233 6.1271 4.7255 0.0403
1.8024 0.2407 0.5610 2.9237 6.8880 5.3263 8.7701 1.1617 0.0805
7.3686 13.3753 8.4899 8.0494 10.2919 13.0950 12.1339 21.0638 0.2007
4.6856 6.6077 6.1672 4.1250 5.0059 8.2495 7.9292 10.5321 0.3608
9.6512 6.7680 12.8147 2.2029 8.8904 5.9671 5.8470 10.0116 5.2864
0.6410 0.0803 0.0803 0.2806 0.5208 0.4007 0.1204 0.1604 0.2005
12.2940 0.1605 4.5253 0.9614 1.7222 2.1227 0.8813 1.2017 3.6444
0.0405 0.0405 0.1606 0.6812 0.1205 0.0405 0.0405 0.0805 0.0405
0.0405 0.0805 0.0405 0.0805 0.0405 0.0405 0.0405 0.0405 0.0405
0.0404 0.0404 0.0404 0.0404 0.0404 0.0404 0.0404 0.0404 0.0404
