7.1738 1.5531 7.4844 6.8633 6.3975 5.9317 7.6396 23.6944 71.0202
0.0313 0.0313 1.1182 0.2176 0.4660 0.5592 0.7766 0.5592 2.9814
4.8447 0.3419 0.9630 5.5900 2.2983 1.8014 1.2114 1.3356 0.0624
12.9497 2.6088 1.0872 8.4159 4.8758 3.5405 5.0310 8.5090 0.0935
3.5094 0.0624 12.1112 1.6151 7.7637 5.9005 4.2857 0.5903 0.1245
3.1989 2.4847 2.1741 5.5900 7.1117 4.6584 0.6215 3.1989 0.3730
9.6269 40.4321 6.2731 1.9566 2.4845 3.3851 4.7825 1.0560 0.0934
1.6773 0.2177 4.6895 4.6895 6.3353 9.4096 7.7327 3.6958 0.9009
1.9257 1.9257 4.3168 7.7638 5.5590 5.5279 3.2920 3.8200 0.0625
2.6401 0.8390 12.2357 8.3229 9.3477 11.2109 12.4220 1.8327 0.4974
3.1055 0.2796 3.1366 1.2734 1.1802 1.8323 1.7081 0.6523 0.0312
7.5774 0.7766 5.6831 3.4162 3.9441 1.9877 2.3293 1.4288 0.0624
0.1555 4.4720 4.7204 12.9807 6.7389 11.7386 11.0554 4.7515 3.9441
8.5400 8.2916 5.0309 6.7078 6.0246 5.9004 4.9067 4.2856 0.0313
4.1305 33.7867 4.1615 5.9937 5.6831 5.1863 4.0062 2.2672 0.0935
11.4281 0.7767 5.2484 7.7948 7.0185 5.4968 4.1926 18.2289 1.3978
10.3101 0.4972 4.0994 3.2609 4.8757 4.7826 5.6521 8.2295 2.9194
2.4536 0.4351 5.5901 5.0621 7.6707 8.4159 12.2355 11.1176 14.6577
0.6213 0.0312 2.5155 0.7144 0.9939 0.5902 1.4908 0.1244 0.0623
3.9441 0.0313 7.2358 1.2735 3.0746 2.0498 4.5341 0.4971 0.4971
0.0935 0.0314 0.0314 0.4040 0.0935 0.0314 0.0314 0.0624 0.0314
0.0314 0.0624 0.0624 0.0624 0.0314 0.0314 0.0314 0.0314 0.0314
0.0313 0.0313 0.0313 0.0313 0.0313 0.0313 0.0313 0.0313 0.0313
