5.2935 1.1949 11.1223 7.5797 7.6827 8.1152 6.8383 16.2302 3.6252
0.0413 0.0207 2.0598 0.1031 0.4327 0.8034 0.8446 1.2359 1.2977
3.8517 0.0620 14.4177 8.8978 4.7168 1.9569 3.3986 1.2566 0.0208
12.8112 0.2680 4.7374 9.5775 5.2317 3.6458 6.9412 9.3304 0.0208
3.9753 0.0208 5.7260 2.1010 3.9547 3.1926 3.3986 0.9476 2.9249
3.6870 0.3298 3.0073 8.1976 7.4561 5.0464 0.6181 1.9775 0.0209
10.5455 56.3723 5.3552 2.7189 3.1926 3.9135 6.1379 1.9774 0.1237
2.9455 0.0414 6.9824 3.0279 4.9640 9.0008 6.7146 4.2431 6.1997
1.2566 0.7623 0.1650 6.2615 3.7694 4.4696 1.9981 4.7992 0.0414
2.2247 0.0827 6.2616 6.2204 9.1451 7.6622 11.0606 5.1494 69.8837
2.3481 0.0413 2.7188 1.0917 1.4624 1.7920 1.7920 1.0299 4.3047
7.7650 0.1444 3.9547 3.6457 4.0371 3.7899 4.7168 1.6273 0.0208
0.0826 0.0208 0.5151 11.9049 5.2317 7.0853 5.7466 1.2977 0.0620
9.7628 4.9639 4.2224 5.4582 5.9937 7.2295 8.0533 6.2202 0.0413
1.9775 35.4053 0.2268 4.5108 2.4306 2.8631 2.4306 3.7282 0.0414
10.9369 0.1032 14.1087 8.5477 9.5981 9.2274 5.8702 15.2827 0.0414
13.3054 0.0208 4.8198 4.5108 7.7238 6.4469 6.8176 9.9276 0.7829
2.4718 0.0209 5.7466 3.6458 9.4334 11.5548 10.9163 12.5228 10.2366
0.5974 0.0207 0.4532 0.2473 0.3915 0.2679 1.2359 0.0619 0.1031
4.0577 0.0208 3.2956 1.2771 3.0278 1.8332 4.3872 1.0918 0.1443
0.0208 0.0414 0.0414 0.4121 0.0620 0.0208 0.0414 0.0208 0.0208
0.0208 0.0208 0.0208 0.0414 0.0414 0.0620 0.0208 0.0208 0.0208
0.0208 0.0208 0.0414 0.0208 0.0208 0.0208 0.0208 0.0208 0.0208
