11.0642 51.8971 15.7406 6.8060 5.6274 8.1747 2.4718 11.8246 3.1941
0.2664 1.8632 0.6466 0.1143 0.3805 0.6086 0.2284 0.5325 0.4565
0.1905 0.1145 0.7228 10.6839 1.5592 1.7493 1.7113 1.2931 0.0384
0.6087 0.0384 0.4186 11.9766 1.9394 3.9164 3.1180 14.3338 0.1145
14.3717 3.3081 5.3991 2.4336 4.9429 4.7908 2.8899 2.2816 17.5654
0.9890 4.2587 2.3577 7.0341 5.2091 4.7149 0.7989 1.0270 0.0765
2.3955 0.0763 1.9012 2.0153 5.1709 3.4981 6.1214 1.7492 1.6351
6.7679 2.4337 4.0305 2.6998 3.9545 8.7069 5.8554 5.0951 3.3462
6.6538 0.1145 5.4752 2.3196 6.9200 5.5513 7.0340 2.8139 0.3426
5.2853 2.2438 2.2438 7.5665 6.9202 7.7946 11.9007 5.4374 26.6143
2.2053 1.0647 1.9772 1.1028 1.1028 0.9887 1.1028 1.5590 7.6041
4.2585 1.6732 5.5512 3.8023 3.3080 2.7378 2.5857 1.8633 0.1524
0.1904 0.3425 0.7227 13.5353 6.6918 7.6803 5.8934 3.3080 0.3425
1.8252 2.2434 4.2204 3.7262 2.6997 3.3080 4.1824 6.2355 0.0383
4.4107 0.0764 4.2586 1.4071 21.8996 9.8855 22.7741 2.0534 0.5707
10.2277 17.8696 18.0977 8.5928 4.3727 6.9200 3.7644 11.4443 0.1525
5.8174 6.0455 14.9040 5.5892 3.7643 5.7033 4.0685 9.9615 0.6467
10.4558 3.6504 5.7414 4.7529 8.0226 9.9996 7.8705 13.8396 10.4939
0.3044 0.1903 0.2284 0.6466 0.9887 0.7226 1.5590 0.1903 0.9887
11.5582 0.2665 5.0949 2.5476 4.3345 2.3955 3.8783 2.8898 25.5114
0.0764 0.0764 0.1905 0.5327 0.0764 0.0764 0.1144 0.1905 0.0384
0.0384 0.0764 0.0384 0.0764 0.0764 0.0384 0.0384 0.0384 0.0384
0.0384 0.0764 0.0384 0.0384 0.0384 0.0384 0.0384 0.0384 0.0384
