8.2177 26.4172 2.6887 7.2194 10.9054 13.0556 9.0624 21.5026 2.5351
0.1541 2.3043 0.3077 0.3845 0.3845 0.9220 0.9220 0.9988 0.2309
0.3080 0.3848 0.3080 7.2192 2.6117 1.3830 1.1527 1.9974 0.0776
0.6920 0.1544 0.6152 12.8250 3.0725 2.4582 3.3797 14.2072 0.0776
9.5229 2.4581 0.3847 2.9956 3.6868 4.9922 0.8455 1.3062 1.6134
1.6904 7.2193 1.8439 10.5982 11.2893 7.6801 3.2262 2.1511 0.2313
3.8401 0.1541 0.4613 1.7667 3.5329 2.0739 3.8401 1.6900 0.3077
5.9138 11.8268 2.6118 2.3046 2.3046 3.9173 3.9173 0.0777 2.6886
6.2978 0.0777 0.9224 2.9189 3.8404 3.9172 5.2995 0.4616 0.1545
5.9142 15.4363 0.9996 5.0695 2.6122 5.4535 9.4466 1.0764 81.4769
2.3809 1.6130 0.6915 0.8451 0.4612 1.0755 1.0755 0.3844 3.3024
5.9136 0.2311 2.2277 2.6116 4.9921 3.9171 4.1474 1.9973 0.0775
0.6150 0.9990 81.0155 8.7549 11.9801 5.2225 3.4563 5.8368 0.5382
1.9971 0.8453 1.5364 3.1490 2.3043 3.4562 6.8350 3.0722 0.0774
5.7601 0.3847 0.3847 3.3028 8.3710 6.4513 9.2925 0.6919 0.1544
14.4376 14.5144 1.6135 11.8267 13.5161 8.6783 18.8915 25.7260 0.2312
7.6031 5.2994 0.2311 5.2226 7.3727 12.6713 9.9836 8.7550 0.3847
11.9036 9.1391 0.3081 7.0658 3.6870 8.7552 4.5317 5.5299 5.3764
0.2309 0.1541 0.0773 0.6148 0.6148 1.1524 0.1541 0.3076 0.0773
6.3743 0.1542 0.3078 1.9972 2.2276 2.4580 0.3078 1.8436 0.1542
0.0776 0.0776 0.3079 1.1527 0.0776 0.0776 0.0776 0.2312 0.0776
0.0776 0.0776 0.0776 0.0776 0.0776 0.1544 0.0776 0.0776 0.0776
0.0775 0.0775 0.0775 0.0775 0.0775 0.0775 0.0775 0.0775 0.0775
