9.5676 36.4170 4.9769 4.0125 5.1312 8.1788 7.7545 4.0125 1.6207
0.1160 1.0804 0.3860 0.2317 0.1160 0.5018 0.4246 0.6175 0.4246
0.3090 0.1161 62.7649 12.5379 4.1667 2.1993 0.6562 1.6206 0.0776
1.1963 0.1547 9.7989 13.7338 5.9798 5.1311 2.8937 11.1491 0.1933
12.6922 4.3210 3.1637 2.0450 2.1221 2.0450 2.2764 4.1281 13.6952
2.2765 4.8612 0.6949 9.3361 9.9919 8.5645 1.9679 1.6207 0.1162
2.2763 0.1160 0.2317 3.3179 6.1726 3.1250 4.6295 4.1666 0.3860
9.0274 6.2499 1.8136 2.7780 4.2439 8.0244 6.6742 3.8581 6.7514
7.3300 0.2705 1.8907 6.1342 7.8315 3.0480 5.0540 9.1817 0.0390
6.3658 7.2531 0.1935 3.6654 6.0186 4.8613 6.9445 8.3718 45.7528
1.1575 0.4245 0.5017 0.1931 0.6560 1.1189 0.9646 1.1575 4.7452
4.8610 1.0034 0.6562 3.7037 4.4753 4.3981 2.5850 3.2022 0.1547
0.1932 0.1546 2.3921 13.0007 11.5348 12.0749 4.8610 0.3861 0.3089
1.5434 3.8965 0.5789 4.2437 3.9737 3.9737 3.7808 6.2497 0.1932
4.3596 0.0390 0.3862 2.7394 6.0570 3.8195 6.1727 7.5615 0.6948
10.5705 11.5735 3.2023 8.4873 6.5971 6.2113 10.1847 7.6001 0.2319
5.9026 9.2588 0.7719 4.8225 5.2083 6.9828 11.9206 9.5674 0.3476
11.3035 9.1046 1.7364 2.9323 7.2144 14.4668 17.4758 10.7248 18.0930
0.3860 1.5433 0.1160 0.5789 0.2317 0.1545 0.3860 0.6175 0.4632
8.4486 2.0449 3.5108 0.8490 2.0449 1.0033 2.2764 4.0895 5.5940
0.0390 0.0390 0.0775 0.5019 0.1161 0.0390 0.0390 0.0390 0.0390
0.0390 0.0390 0.1161 0.1161 0.0776 0.0390 0.0390 0.0390 0.0390
0.0389 0.0389 0.0389 0.0389 0.0389 0.0389 0.0389 0.0389 0.0389
