13.6579 0.8583 11.1853 4.4510 6.5891 3.3164 7.3454 8.8290 8.8435
0.0292 0.2183 1.1201 0.1165 0.3637 0.7855 0.3201 0.2910 1.4255
0.1311 0.0874 9.2508 17.3378 4.1309 2.5601 2.0074 1.0910 0.0438
0.3638 0.0147 1.1638 23.3012 8.1599 4.4800 7.7672 13.2652 0.0147
7.4763 0.1747 4.5382 0.6256 2.9819 1.8910 4.2036 2.5310 0.1456
6.6036 0.1602 2.9092 7.4036 6.4145 1.4983 0.1165 5.2218 0.0438
2.9818 0.2037 3.5345 3.1709 6.1526 1.3819 9.0180 3.9127 0.0437
5.3964 7.7090 8.1454 0.7856 5.6582 13.5561 6.8363 0.7565 8.3781
13.1925 0.0583 1.4692 5.3382 10.0071 1.9637 3.5200 9.4835 0.1165
4.6837 71.1688 14.9961 0.9166 6.0946 18.1524 6.1673 4.6546 37.1481
1.1637 7.3889 4.4945 0.1892 0.8873 1.5128 1.2800 1.1346 1.1200
1.7455 0.0438 4.2036 5.2509 4.4800 5.1200 3.2728 4.5236 0.0147
0.0874 0.0292 2.5310 9.7162 1.8182 6.7926 11.7525 0.6983 0.0583
3.5927 3.0546 6.0217 4.5963 5.7163 3.7382 5.6726 9.0907 0.0147
8.7417 0.1747 0.7565 2.7637 6.3854 1.5128 2.4873 7.5199 0.0583
10.9816 0.0874 7.1854 7.7672 6.8363 5.5709 3.8691 10.0507 0.1747
5.5854 1.7601 4.4509 3.8982 5.9636 6.4581 6.5163 10.2980 0.4947
6.7054 6.6763 4.5237 1.5274 7.4036 18.2541 11.7671 2.6619 41.7006
0.2910 0.0728 2.4000 0.1601 0.4074 0.1455 1.4837 0.0874 0.0146
6.4726 0.0147 5.0763 0.4801 3.3309 1.2364 4.5236 3.7964 0.0728
0.0292 0.0147 0.0147 0.1747 0.1020 0.0438 0.0438 0.0583 0.0147
0.0292 0.0147 0.0147 0.0147 0.1020 0.0147 0.0147 0.0292 0.0292
0.0583 0.0147 0.0147 0.0147 0.0147 0.0147 0.0147 0.0147 0.0292
