13.5512 5.9950 4.3074 6.5491 4.1059 4.9119 8.7908 6.5491 0.0759
0.0254 0.6299 0.5543 0.2269 0.4787 0.4787 0.9573 0.6299 0.0254
0.0758 0.0758 0.8063 7.5817 2.1916 0.7811 0.6551 0.5040 0.1010
0.3277 0.3277 0.6048 9.4708 3.1235 2.9472 3.2746 6.7757 0.0506
0.3781 3.3502 6.2719 1.7886 5.0126 9.6219 6.1460 3.6776 0.0758
4.8867 4.6096 2.0153 7.7329 5.5919 3.5014 0.6552 5.6927 0.0255
3.2745 0.1009 3.6272 1.8892 3.1486 4.1561 7.4809 5.2644 0.3528
3.1487 4.1814 4.5844 3.1991 8.8159 10.8057 8.2366 0.9826 0.2018
18.3116 0.2270 20.8051 6.2720 7.8588 4.6852 3.9043 6.6750 4.0555
1.6376 10.4784 9.5717 8.3878 8.5390 14.0298 4.7609 9.2190 0.2523
0.7558 2.6448 2.3426 0.5543 0.8061 1.8892 1.1839 1.2091 0.0253
0.6047 1.2092 9.2944 4.1058 2.9220 2.2167 3.7532 9.3448 0.1514
0.0758 0.2017 0.6299 9.8233 10.0752 5.0377 1.2596 4.5591 0.0506
4.2569 9.2440 9.1432 4.7354 2.9471 4.0050 6.0956 9.8737 0.0506
25.6915 0.1262 8.2617 5.0126 10.7553 6.4482 6.0201 5.5415 93.9243
13.1733 15.5158 4.7103 9.2693 5.8186 4.3325 6.3979 7.6069 0.0255
3.4006 16.0699 2.0908 5.7178 3.9043 4.9874 7.4557 5.5415 0.1262
5.7682 17.4049 2.4183 4.6096 8.5389 9.1686 16.0447 4.5844 0.2522
0.0757 0.2268 2.1663 0.5039 1.9900 0.9069 2.4182 0.3024 0.0253
0.5040 7.2794 5.6926 2.1411 3.1990 4.9621 4.4332 5.3903 0.0758
0.0254 0.0506 0.0506 0.3025 0.1010 0.0758 0.0254 0.0254 0.0254
0.0254 0.0254 0.0254 0.1010 0.0254 0.0254 0.0254 0.0254 0.0254
0.0254 0.0254 0.0254 0.0254 0.0506 0.0254 0.0254 0.0254 0.0254
