2.6846 19.4033 9.8920 8.0532 6.9118 10.2725 8.5393 13.5697 2.5578
0.1481 0.2326 0.8456 0.1058 0.3383 0.3806 0.2538 0.2538 0.3172
2.3041 0.7823 6.5736 8.8140 7.4401 11.8576 3.1495 1.4375 0.1904
3.4877 0.3595 6.5313 11.3715 7.6092 8.6872 7.0808 10.0399 0.1905
14.5419 0.6766 4.2909 1.5432 3.4243 2.9593 3.5722 0.9725 7.2076
0.5709 0.7189 2.2618 7.9475 6.4679 5.7282 1.0359 1.6700 0.1059
10.2300 0.1904 3.7201 3.4242 3.0649 3.0226 6.5101 1.9024 0.2326
5.6225 1.5432 9.1311 2.1561 5.3054 5.6013 5.2209 5.7704 3.3820
0.9725 0.0636 3.0438 4.2909 3.5934 2.3464 2.4732 4.5234 0.1482
16.1695 1.0994 6.4469 4.4178 6.2778 4.5446 8.6662 6.4892 68.4604
7.4612 0.1058 1.7967 1.0781 1.3106 1.2683 1.5853 1.0781 9.2577
3.8047 0.1693 5.7915 3.7836 3.0015 3.1072 4.2486 1.6065 0.0636
0.5075 67.5936 1.2684 15.2816 8.9619 6.6158 13.6964 2.6422 0.6554
3.5510 0.2115 3.7413 4.3119 3.8469 4.7347 5.2631 4.6290 0.2961
1.7968 0.3384 0.8457 3.2340 3.0016 2.6000 2.4731 3.3186 0.2327
7.2711 1.3318 12.2381 10.5683 8.3490 9.9554 5.6647 11.6251 0.3596
7.7995 1.0359 7.0174 4.3754 6.3199 5.8127 5.9183 11.0544 0.7188
3.8893 3.4455 10.8431 2.5577 11.4138 8.3490 10.5472 15.6410 4.1218
0.5074 0.1904 0.6131 0.5285 0.4651 0.4651 0.7822 0.1058 0.1058
6.4890 0.3172 2.7901 1.3740 2.7056 1.4163 3.1495 1.5008 1.3106
0.0848 0.0425 0.1482 0.5920 0.0848 0.1482 0.1059 0.0636 0.0214
0.0848 0.1059 0.1059 0.1482 0.0425 0.0848 0.0214 0.0848 0.0214
0.0213 0.0425 0.0636 0.0425 0.0636 0.0425 0.0425 0.0213 0.0425
