3.6532 2.6894 4.8707 8.8277 4.8707 11.6178 4.7185 3.8054 0.1529
0.1018 0.1525 0.1525 0.3047 0.2033 0.6091 0.5584 0.2033 0.0511
0.0513 0.1527 0.4571 7.1534 7.1027 0.5586 0.3556 3.4502 0.0513
0.7108 0.4571 0.4571 7.2042 8.1680 0.8122 0.6600 11.5669 0.1020
0.7615 6.1388 0.6093 1.8268 3.6531 5.1242 5.2257 4.3125 3.5009
1.5225 3.9068 0.9138 5.1243 8.6754 7.7623 0.4572 1.3703 0.1021
3.8051 2.1310 0.5077 2.6890 4.1095 4.4646 1.8266 2.8412 0.0511
3.3995 21.0534 16.8429 2.9936 3.3995 3.3995 18.8721 5.7838 2.7907
34.3953 2.4863 0.4064 12.0235 8.5232 13.0381 0.4571 7.8637 0.0513
4.8709 18.9230 3.4505 5.3275 7.0523 4.1607 22.7785 15.2705 88.6764
1.8265 4.2108 0.4061 1.0149 1.6236 0.8627 1.7758 1.5729 2.2831
1.4209 1.7253 1.9789 4.3632 5.5807 3.7545 2.1818 3.1964 0.0512
0.8628 1.0658 50.9331 11.3639 5.1749 9.8927 6.1895 0.3048 0.1526
2.2832 4.6675 0.5584 4.6675 4.2617 2.5876 2.4861 7.5591 0.0511
24.7566 5.5808 0.7107 5.9866 6.2910 6.2910 0.4571 5.4286 0.1020
7.2042 5.9359 2.1312 7.6100 7.4071 7.6100 1.6239 4.9214 0.0513
2.5370 5.4793 3.1458 5.0735 4.9213 6.9505 5.3271 6.6968 0.1527
5.2258 9.2335 11.0090 4.3127 4.1605 4.3634 20.3940 10.2988 1.3703
0.1018 0.4062 0.0510 0.7613 0.9135 1.0149 0.8120 0.6091 0.0510
0.3555 3.3993 0.2033 1.0657 3.3486 4.9212 2.6891 2.6891 0.0511
0.0512 0.0512 0.0512 0.2034 0.4064 0.0512 0.0512 0.1527 0.0512
0.0513 0.1020 0.1020 0.0513 0.1020 0.1020 0.0513 0.0513 0.0513
0.0512 0.0512 0.0512 0.0512 0.0512 0.0512 0.0512 0.0512 0.0512
