6.0784 4.1505 5.0327 4.6733 5.2288 5.8823 5.3268 5.8497 0.4906
0.0329 0.2943 0.2617 0.3270 0.4577 1.3727 0.6211 0.5884 0.0983
3.2681 0.9153 53.0356 5.9803 6.2090 2.7779 6.4051 2.8433 0.1964
6.5031 0.8500 24.2142 9.8689 8.6598 3.5949 9.1500 6.5031 0.2291
9.0519 0.5232 0.6212 3.5295 3.3661 4.5751 3.0393 5.5881 1.4708
3.2355 0.9807 1.5036 6.9280 6.9933 6.9280 3.5296 4.4118 0.3925
3.2353 0.2290 1.0786 2.5817 5.1632 3.8562 3.4967 4.1502 0.5884
5.0980 5.7516 0.6213 4.4445 4.8039 5.1961 4.7386 2.7126 0.3925
3.2681 0.1311 0.5232 7.7122 4.8366 4.2157 1.1768 8.5945 2.3858
11.8624 13.9211 0.9482 7.6470 8.7907 9.3789 23.4955 16.1431 3.6277
2.2876 3.1045 0.7517 1.1439 1.6994 2.1895 2.3856 1.8955 0.6864
4.5098 0.2290 1.2420 3.7255 6.7972 5.8169 4.3464 2.6798 0.3598
1.5688 0.4578 0.5558 9.7054 3.3660 5.3594 3.0719 1.2420 0.2944
5.0979 0.4904 1.5034 4.9999 5.2286 6.2416 7.0259 5.0979 0.2943
3.5948 0.1310 0.2291 6.4051 4.8039 4.8693 2.0263 7.5815 0.2944
6.0457 28.9851 4.4445 8.5618 8.2350 7.8756 7.1894 6.9279 0.9153
5.4901 31.0437 1.7976 4.8692 5.0653 8.9539 3.9870 4.9346 0.1964
8.2678 7.4182 0.6866 3.7583 5.9150 7.3201 5.4575 5.7189 2.5819
1.4053 0.0656 0.1309 0.3923 0.6864 0.6864 1.0132 0.4904 0.2616
9.9995 0.1637 0.5885 2.5164 3.4641 2.4837 2.1896 5.8822 84.0136
0.0330 0.0657 0.1310 0.1310 0.0657 0.1310 0.0657 0.0330 0.0984
0.0330 0.0657 0.0330 0.0657 0.0984 0.2618 0.2291 0.0984 0.0984
0.0330 0.0330 0.0657 0.0330 0.0657 0.0330 0.0330 0.0330 0.0330
