7.8638 4.3049 6.5396 4.1394 5.5464 10.0158 2.3185 4.5532 2.6496
0.0834 0.0834 0.6627 0.1661 0.6627 0.6627 0.0834 0.4972 0.1661
0.5802 0.6630 2.7321 14.2366 2.4838 1.5734 1.9045 1.9045 0.1664
0.9113 1.4079 1.2424 11.0915 3.1460 3.7254 4.3047 16.3057 0.3320
11.8363 0.4974 5.2978 1.2423 7.6980 4.5529 8.1946 1.5734 16.1401
1.3253 1.6563 4.8842 9.5191 6.2912 4.3876 0.8287 1.1597 0.3321
3.3940 2.3180 4.0561 1.8214 6.7874 2.6491 4.0561 2.8974 0.4972
4.5531 1.9046 2.7322 1.2425 4.4703 9.6018 12.5814 9.6846 1.9873
8.9396 5.7118 6.2911 3.8082 5.2152 3.3943 2.4011 4.1392 0.5803
2.3188 1.4912 3.7258 3.3120 6.8709 4.7190 11.1748 3.8086 42.9568
1.1592 0.8281 2.2351 0.3315 1.1592 0.9109 2.0696 1.7385 5.9596
7.2841 0.7457 8.6912 5.2978 3.9735 1.7388 1.5733 1.5733 0.3318
5.6288 0.1662 20.1128 19.7817 4.8011 10.4292 3.3941 1.5733 0.4973
2.5663 1.4904 3.7251 2.4836 2.8974 3.3940 3.7251 3.8078 0.2489
8.5257 50.8190 4.7185 1.8217 4.8840 2.0700 4.8013 3.2287 0.4974
8.6086 2.8150 8.7741 7.2843 5.7945 5.7945 4.5530 11.2571 0.2492
3.5598 1.1595 4.1391 5.3806 6.2083 9.3534 7.9463 11.5053 0.5802
8.6914 1.7391 5.4636 3.0634 12.0021 15.7265 11.9193 16.0576 1.7391
0.4971 0.1660 0.3316 0.8282 0.8282 0.3316 1.9041 0.0833 0.0833
11.3396 19.6162 3.3113 0.9939 8.0290 4.5528 9.6015 2.4009 23.7544
0.1664 0.1664 0.1664 1.8217 0.0836 0.0836 0.3319 0.0836 0.0836
0.0836 0.1664 0.0836 0.1664 0.0836 0.2492 0.2492 0.0836 0.0836
0.0835 0.0835 0.0835 0.1663 0.0835 0.0835 0.0835 0.0835 0.0835
