12.1813 4.6371 8.6668 6.7623 6.7899 6.4955 7.7468 13.3773 0.8005
0.0553 0.3313 0.5153 0.1565 0.4601 0.6165 0.4601 0.6625 0.1013
0.0829 0.0369 0.3405 8.1239 4.2506 3.5698 2.0518 1.7389 0.0093
0.9753 1.9414 0.9385 12.5677 8.7036 7.5351 11.0036 8.9060 0.0277
2.8798 1.6561 5.1891 1.7757 2.7602 2.6682 1.3157 1.3157 27.1685
8.8140 1.6838 2.0702 7.5535 8.5380 9.3752 2.6406 4.7659 0.0277
2.8706 0.2117 6.5691 2.3461 3.6894 4.2966 3.9470 3.0822 1.8677
5.2535 8.9152 8.2804 3.0270 5.6307 6.0263 6.0999 1.5734 0.2025
13.7821 0.1105 17.7567 8.0688 4.7290 5.1431 4.9499 5.9803 0.0277
3.6895 19.0355 2.6406 5.4283 8.0688 7.4340 7.1028 4.2691 15.6406
0.8833 4.3794 3.0821 0.9569 1.6469 1.7389 1.6009 1.3433 3.2753
0.7269 0.2853 6.4035 3.7170 4.4714 4.0666 3.7998 2.8614 0.0277
0.3589 0.2761 2.5670 10.7184 6.6611 3.1190 2.4382 1.3985 0.1381
4.6370 35.3660 5.5938 6.4863 5.6122 6.2747 8.7219 7.7559 0.0369
20.1119 0.5797 13.6073 5.2535 4.0022 4.6462 4.4162 4.9314 0.0277
8.4000 4.8211 4.8487 7.1947 9.0348 8.8692 11.3717 14.4813 0.0369
4.6462 3.0454 1.8217 4.1034 6.6611 8.4644 8.9060 10.3136 0.0737
6.0079 12.0341 4.1954 4.0298 6.2195 7.6824 9.6788 9.3384 1.1134
0.2669 0.0369 0.2853 0.4049 0.4325 0.2393 0.2945 0.0829 0.3589
3.3122 0.5889 4.6002 1.1501 1.5917 1.7021 1.4169 1.7941 49.0008
0.0461 0.0093 0.0093 0.1381 0.0185 0.0185 0.0093 0.0093 0.0185
0.0093 0.0093 0.0093 0.0277 0.0185 0.0093 0.0185 0.0093 0.0093
0.0093 0.0093 0.0093 0.0093 0.0093 0.0093 0.0093 0.0093 0.0093
