5.7843 2.5498 8.3328 4.0200 5.7843 8.4308 2.3537 3.2359 2.1577
0.0987 0.0987 0.7848 0.3928 0.0987 0.7848 0.3928 0.2947 0.4908
0.1971 0.7852 3.2356 13.9195 3.1376 2.1574 1.8633 1.2752 0.7852
0.1971 0.3931 0.4911 11.1750 4.9999 4.2158 3.1376 15.9779 0.0991
6.3721 1.2752 8.9205 2.4514 10.9789 4.6078 9.3126 2.8435 16.5659
1.9616 1.7655 5.9803 8.5287 4.0199 2.2556 0.8834 1.3735 0.2953
2.3531 0.2947 3.5293 2.7452 5.0976 3.2353 5.6857 2.7452 1.3729
4.9020 2.3536 4.4119 1.2754 5.0980 16.8601 7.7445 8.4306 0.8833
17.8402 2.1575 5.7841 5.2940 3.5297 2.9416 4.8039 3.4317 0.7852
2.3540 2.5501 6.8628 3.0402 6.0787 6.8628 14.6062 3.8243 43.9133
0.6866 1.0787 2.4509 0.5886 1.6668 1.1767 1.8628 1.7648 4.4113
2.2553 2.7454 14.0174 5.3918 3.6275 1.4712 1.6672 3.3335 0.9811
0.8830 0.7850 7.8422 14.4094 2.6473 6.4700 1.0790 1.0790 0.0989
3.1373 1.5690 2.7452 5.0976 4.5095 3.1373 4.9996 3.2353 0.1968
27.9359 63.2220 3.5296 1.9614 1.9614 1.5693 9.7047 4.8038 0.6871
8.3326 4.9020 7.8425 8.7246 6.9603 5.5881 4.8039 9.0187 1.1773
2.9415 5.1959 3.3336 3.1375 5.8820 6.1761 3.9217 12.1551 0.5891
4.9021 1.8636 4.5100 1.9616 10.7831 18.0364 8.4307 18.0364 2.0596
0.0986 0.2947 0.9808 1.0788 1.5689 0.6867 2.4510 0.1966 0.5887
6.2739 3.8235 3.9215 1.9612 11.0767 2.9413 9.9005 2.5493 21.5646
0.2950 0.0990 0.2950 2.3534 0.1970 0.1970 0.0990 0.1970 0.0990
0.0990 0.0990 0.0990 0.3931 0.1970 0.0990 0.1970 0.0990 0.0990
0.0989 0.0989 0.0989 0.0989 0.0989 0.0989 0.0989 0.0989 0.0989
