23.8618 7.3604 11.3517 5.7511 6.2661 8.1115 5.9442 7.1459 0.2149
0.0216 0.3649 0.4508 0.1074 0.2577 0.7941 0.2577 0.3435 0.0216
0.0861 0.1933 3.7554 9.6564 2.8971 1.0517 0.8371 1.0088 0.0431
0.5367 0.1504 1.7813 10.8795 5.4077 1.3521 2.4250 8.4977 0.0646
0.4508 0.1504 8.2187 2.0173 4.1202 7.5964 6.9312 2.2533 0.1290
11.0727 1.4380 5.3648 7.9398 5.7081 5.1502 1.9100 5.2575 0.1290
1.5666 0.0860 1.7383 2.1889 3.7124 3.0472 3.4978 2.7897 1.7597
2.5967 9.5062 7.0171 2.0602 5.0215 10.4075 11.2229 1.5667 0.1719
10.1929 0.1934 2.8327 7.4033 7.1673 2.7683 4.9142 9.0770 82.0563
1.7170 8.0472 9.8711 3.6482 5.3649 11.0728 13.0684 10.9655 0.1720
0.3434 0.6868 4.0128 0.5366 0.9443 2.1245 1.8670 1.4378 0.0859
0.5796 0.1289 5.0643 4.4420 4.1416 2.8756 3.0473 6.2660 0.0431
0.1719 0.1933 0.8585 11.3730 15.1282 5.9656 5.0858 5.9870 0.3006
2.7039 3.9699 6.2230 5.1930 3.3262 4.2489 3.3476 8.7980 0.1074
11.8451 0.0861 1.1375 3.6052 2.8327 2.2533 5.2789 5.4291 12.5532
20.2997 14.6347 11.0297 10.3216 7.8754 8.6908 5.4292 8.2831 0.1075
5.2360 27.1233 4.0987 6.0729 5.8154 8.4118 7.4033 6.8454 0.1075
6.1802 25.4711 5.5365 3.6267 9.2702 11.0512 13.2185 4.6138 0.6869
0.0431 0.0431 0.9014 0.5151 1.3949 0.5366 1.1589 0.2576 0.1289
0.4293 0.0860 8.6049 1.6954 3.1545 2.3820 3.0902 3.0687 1.0516
0.0217 0.0217 0.0646 0.7942 0.1075 0.0431 0.0217 0.0646 0.0217
0.0217 0.0431 0.0646 0.1504 0.0431 0.0431 0.0217 0.0217 0.0217
0.0217 0.0217 0.0217 0.0217 0.0431 0.0217 0.0217 0.0217 0.0217
