5.5211 13.2957 2.3851 5.9784 10.1924 6.1091 9.3758 5.5538 1.3724
0.0656 0.2616 0.2289 0.1636 0.9476 0.6209 0.3596 0.7189 0.1962
1.3397 0.4903 62.8836 9.3757 2.2217 3.3977 1.6990 2.5157 0.2617
1.5684 0.2944 9.8657 15.1903 3.3323 5.7823 5.3577 13.6223 0.3270
16.4970 28.0936 1.4050 1.7317 4.8677 3.7570 1.4377 4.8677 23.3243
0.8824 1.6664 1.2417 6.5337 5.6844 5.7171 1.8624 2.3851 0.1637
4.0182 0.9149 0.8822 1.9602 4.4102 2.1889 5.6842 3.7242 0.0982
8.5917 2.2870 1.1110 2.8750 5.4884 8.1670 5.4230 4.2470 5.5210
3.9857 0.4904 2.0257 4.0510 4.9657 4.1164 6.5337 6.0110 0.7517
9.0165 6.1419 0.8172 8.7225 7.2199 10.3559 5.8479 9.8659 40.7358
2.4502 1.6988 0.6862 1.1108 2.4175 1.5355 0.8822 1.8622 8.7548
5.1943 0.6536 1.4050 4.1816 5.5863 3.9530 5.9130 3.4630 0.0656
0.9476 1.9276 4.1163 14.8636 3.3976 8.4936 2.1236 0.8496 0.2943
1.0782 5.0636 1.9602 2.3522 4.9656 3.3322 4.9329 4.8349 0.1962
3.3977 3.1363 1.3070 1.8297 4.6390 5.3903 12.0216 4.9330 0.4903
7.3177 6.0110 2.5810 5.1944 8.5590 4.6064 6.5990 7.4484 0.2944
6.7623 4.2797 1.1110 4.8350 8.9510 7.6443 7.1870 8.7876 0.3923
10.7477 3.5611 0.9151 5.8151 8.7877 11.1397 13.9817 7.1217 11.2704
1.0129 5.1615 0.4249 0.5229 0.5882 0.5555 0.1635 0.5229 0.9802
9.4736 14.3082 2.3196 2.0256 2.5156 2.8423 2.3523 6.4029 4.3449
0.0330 0.0983 0.1637 0.4903 0.1310 0.0657 0.0657 0.0983 0.0657
0.0657 0.0983 0.0983 0.1637 0.0983 0.1637 0.1310 0.1310 0.0657
0.0330 0.0656 0.0656 0.0330 0.0330 0.0656 0.0656 0.0330 0.0330
