15.5616 0.0692 9.0780 4.8466 4.3688 6.3480 5.7338 10.1700 0.2057
0.0687 0.0687 0.0687 0.0687 0.0687 0.0687 0.0687 0.0687 0.0687
0.1372 0.2055 9.7603 7.3033 9.2825 4.8464 2.7989 2.3212 0.0690
2.3212 98.0741 11.9443 12.8997 11.5348 7.1668 8.2588 9.2143 0.0690
1.3657 0.0689 6.0748 2.3211 2.0481 3.6861 3.6179 1.7752 1.9116
10.7841 0.0691 4.1640 8.2589 8.5319 4.5053 1.3658 2.5943 0.0691
4.3684 0.0687 3.4129 1.9114 3.0034 2.6622 5.5969 2.5939 0.0687
1.7070 0.0690 8.7366 4.9830 4.3687 7.3034 10.3746 5.0512 7.8494
11.3983 0.1373 4.0274 6.6209 7.8494 9.4191 2.5942 8.9413 0.2055
3.6866 0.0694 5.3928 7.0308 5.2563 5.5293 7.4402 6.8260 81.6265
0.8193 0.0686 1.4336 1.0923 0.6146 1.0241 1.3653 1.2288 2.1843
3.1401 0.0689 4.3003 3.9591 3.3448 4.9145 2.8671 2.7988 0.0689
0.2736 0.0688 3.0035 11.3299 8.0539 8.0539 6.8255 0.4101 0.4101
5.5286 0.0688 2.8669 4.6414 5.8699 7.6444 7.2349 8.5998 0.0688
8.9413 0.0690 0.5467 3.1401 3.2766 4.5734 1.5704 4.9829 0.3419
16.9264 0.0690 6.8939 5.8701 5.8019 5.4607 5.5972 9.8968 0.0690
7.2350 0.0689 6.0748 4.2321 7.4398 7.1668 8.2588 8.9413 0.0689
3.6863 0.0691 9.0779 5.5973 6.6210 7.2352 14.9473 11.9444 4.2323
0.0687 0.0687 0.4099 0.2052 0.1369 0.0687 0.3417 0.1369 0.0687
1.7750 0.0688 2.2528 1.0925 1.9115 1.7750 2.9353 1.0925 0.1371
0.0689 0.2737 0.1372 2.3894 0.4784 0.3419 0.0689 0.2737 0.0689
0.0690 0.0690 0.2737 0.1372 0.0690 0.1372 0.0690 0.0690 0.0690
0.0689 0.0689 0.0689 0.0689 0.0689 0.0689 0.0689 0.0689 0.0689
