10.5393 52.4047 14.0160 5.7588 5.1069 8.9096 3.9842 4.0566 3.6583
0.2176 1.3040 0.9057 0.1451 0.2538 0.6521 0.5435 0.4348 1.3040
1.0869 0.5074 13.0018 13.6175 2.9339 0.9782 0.4350 0.5798 0.0366
1.7025 0.0728 1.5577 9.4889 3.6944 3.6220 1.9923 9.0905 0.1815
13.4726 1.0144 12.6034 1.7749 6.2657 2.2095 3.0425 2.6441 9.4165
1.5939 4.9982 1.6664 11.5171 8.5836 4.0566 1.4129 1.4853 0.0729
3.5132 0.7246 1.8110 2.8613 8.4023 3.4408 5.4326 3.1510 1.6300
5.5776 3.0425 6.4468 0.5799 8.4025 12.8570 8.1490 6.9901 6.1209
7.4609 0.2539 3.0425 2.2820 7.0263 2.1371 8.3300 6.9900 0.3264
4.6000 2.9703 1.8114 2.6444 9.1632 6.0848 10.5394 5.8676 28.2127
1.9921 0.9056 1.7748 0.4710 1.1591 0.7245 2.2094 1.5213 6.4828
4.5273 0.7971 2.2095 4.8895 3.6219 2.3544 2.8614 1.8473 0.0728
0.3625 1.1230 1.8473 21.2590 3.9116 12.5672 3.5857 1.0868 0.1814
3.3321 2.5716 1.1592 2.8975 3.3683 3.0062 5.3240 5.9397 0.0365
4.3825 0.3625 1.3404 1.4128 6.7727 3.1511 11.3359 6.9176 0.7247
10.1046 10.9376 10.7565 9.2716 5.0344 5.1793 8.3662 7.1711 0.3988
5.4689 8.7646 3.8392 4.2376 3.8754 6.4105 6.1933 13.1829 0.9782
10.2495 6.7366 6.2658 2.2458 7.8593 19.9191 13.5814 15.6094 19.0862
0.3262 0.1451 0.1451 0.5072 1.1591 0.3262 0.9781 0.3262 1.1591
9.3077 0.1452 13.6174 1.3765 3.2597 1.1954 1.5214 4.9981 19.8103
0.0366 0.1452 0.0728 0.5436 0.0728 0.1090 0.0728 0.0366 0.0366
0.0728 0.0366 0.0728 0.1815 0.0366 0.0366 0.0728 0.0366 0.0366
0.0728 0.0366 0.0366 0.0366 0.0366 0.0728 0.0366 0.0366 0.0366
