7.4048 8.6954 14.0619 4.0762 3.9404 7.7784 2.9214 4.1442 0.4760
0.0682 0.5097 0.7135 0.1701 0.2380 0.6795 0.3739 0.3059 0.3739
0.1022 0.0343 3.7704 13.9938 2.3779 1.4608 1.9024 1.6646 0.0343
1.2571 0.1023 0.6117 13.4844 3.4308 6.0461 1.6646 10.4615 0.0343
12.5333 0.4079 11.5484 1.9024 8.8651 1.8005 2.0722 4.8233 4.5177
2.4459 1.8685 1.3250 8.9331 6.5556 1.6647 0.2382 0.5099 0.0684
4.5515 0.8154 3.9741 2.0381 5.6044 0.5776 6.2158 4.2458 0.1021
6.6575 1.8005 5.6046 2.0383 9.8162 15.7600 6.9292 3.0912 11.5824
7.7104 3.0572 5.6046 3.8044 9.6803 2.4119 7.6764 11.1748 0.0343
5.3670 3.8046 1.1554 3.9065 14.0620 10.5976 7.7445 11.8882 48.2984
1.6305 0.5776 0.9852 0.5096 2.0041 1.1550 1.0871 1.5965 3.0230
4.6195 0.1362 5.8422 4.6195 3.7364 1.9363 5.9102 3.3628 0.0682
0.1701 1.0192 13.6541 17.2883 1.5966 10.1558 0.9853 0.0343 0.0682
3.4647 4.8572 1.6306 3.7024 3.4307 4.3817 12.4993 6.6234 0.1021
9.3746 54.1741 2.4798 1.7665 7.3367 2.2081 23.0624 9.4765 0.0683
10.2238 3.8724 10.1558 8.2538 3.8044 2.8874 4.8573 6.0461 0.1362
5.7743 3.5666 2.9553 3.3289 2.4458 6.7254 3.4308 6.2159 0.3060
6.3518 6.3179 3.7366 2.2421 5.5706 19.7339 8.3558 7.5066 25.2362
0.4418 0.0342 0.4757 1.1890 2.0381 0.3059 0.6455 0.9512 0.1700
9.6802 4.2459 9.5783 1.6306 3.2949 1.6306 1.2909 5.7403 5.1969
0.0683 0.0343 0.0683 0.9853 0.1022 0.0343 0.0343 0.0683 0.0343
0.0683 0.0343 0.0343 0.1022 0.0343 0.0343 0.0683 0.0343 0.0343
0.0343 0.0343 0.0343 0.0343 0.0343 0.0343 0.0343 0.0343 0.0343
