17.8982 6.4122 13.2566 9.9918 10.6605 10.1098 11.9192 21.0057 22.1464
0.1183 0.7083 0.6296 0.4330 0.7477 1.1017 0.7870 0.7477 1.6524
0.0791 0.0397 0.0397 3.6980 1.1805 1.1805 1.7312 1.7312 0.0397
0.9445 0.2364 0.0791 7.0022 2.7932 1.7312 5.3107 7.4742 0.1578
1.2591 0.1577 0.2364 1.3771 1.6918 2.7932 0.8264 0.4724 4.7993
4.0127 0.1972 3.4620 6.2942 6.8449 18.0948 4.1701 4.8781 0.3152
1.8097 0.0396 2.8718 1.8097 1.8097 1.6524 2.3997 1.8490 0.3936
3.8947 3.3833 0.3545 2.1246 2.8326 3.6587 3.1866 0.7872 2.7539
7.3955 0.0398 15.1840 6.1368 3.7767 2.2032 3.9340 3.5013 0.3151
8.4578 2.6361 2.6755 6.6090 5.3110 8.0251 9.3625 3.9342 47.0066
1.6130 0.1969 1.1016 1.0229 0.5902 1.4163 1.5343 0.9443 4.2091
2.0065 0.3150 0.2757 2.9112 1.3771 2.4392 2.9505 1.4558 0.0790
2.1638 73.0071 0.7084 21.7922 25.5291 9.4409 12.1944 6.3334 4.4453
3.8552 0.4723 1.4950 4.1305 4.0519 3.8158 5.1139 5.7433 0.1183
19.4322 0.1971 44.6462 5.7041 4.2093 3.1866 6.7661 4.7600 0.3151
13.0205 1.2198 6.7662 6.9628 9.6770 12.2338 11.0144 18.4095 1.1018
4.2093 1.5738 1.4951 3.8159 5.1140 9.2836 8.3002 7.2775 1.1018
6.1368 8.9297 3.7767 4.6028 10.0311 5.8615 7.1596 7.5136 8.5363
0.2363 0.0396 0.5509 0.6296 0.4329 0.9443 0.3936 0.1969 0.3149
1.3377 0.0790 0.2757 1.3377 1.1804 0.6297 0.8264 0.8264 0.0790
0.0397 0.0397 0.0397 1.1411 0.0791 0.0791 0.0397 0.0791 0.0397
0.0397 0.0397 0.0397 0.4331 0.0397 0.0791 0.0397 0.0397 0.0397
0.0397 0.0397 0.0397 0.0397 0.0397 0.0397 0.0397 0.0397 0.0397
